58.4
45.6
50.8
49.48
48
48.38
62.4
58.4
57.18
57.6
55.6
60.8
55.6
52.8
52.4
53.6
57.6
57.6
58.4
48.4
58
58.4
51.58
60.8
64.8
55.98
58.8
54
57.97
55.2
51.6
44.4
52.8
50.8
53.2
49.6
62
58
60
58.8
62.4
55.2
54.4
58.4
61.6
66
56.8
55.2
53.2
56
60
59.58
52.38
52
57.6
63.2
57.18
61.98
57.6
62.8
60
60.8
50.78
56.4
54.38
64.8
56.37
68
63.59
57.2
57.2
58.77
54.4
63.99
52.79
62.8
54
61.59
59.6
59.2
62.39
58.4
57.6
59.2
61.58
60
57.99
48.39
54.8
65.99
56.8
61.19
65.6
68
67.97
61.8
62.4
71.2
69.97
62.39
52.78
65.98
66.8
63.59
60.79
69.6
66.37
55.2
58.4
64
58.78
50.8
64.4
65.98
61.2
62.8
55.2
58
57.6
63.2
62.4
60
58.8
59.99
56.8
60.4
59.8
58.18
66.6
49.6
63.99
62.4
67.6
62.8
62.39
55.59
65.2
62.8
52.4
70.38
71.2
56.8
64.4
61.19
63.59
56.4
68.79
64.79
58.8
65.99
56.4
63.19
65.59
64.8
67.2
67.6
64.4
63.98
63.2
56.8
55.6
49.19
66.4
67.19
61.58
62.8
60.77
60
64.37
56.4
58.79
61.6
64.4
60
66
55.6
61.97
58.79
62.4
57.57
64.8
62
65.19
54.39
61.2
58
56.79
66
47.6
67.6
60.4
63.19
64.39
66
69.6
71.2
55.99
66.8
61.6
58
63.6
59.17
59.2
54.8
68.8
58.39
62
64.4
62.4
51.99
64.4
70.79
67.6
63.6
55.59
56
61.6
55.2
57.2
55.6
56
61.19
67.6
58.8
59.2
50.8
65.6
53.6
50.78
52
52
56.8
50.38
56.4
56.8
44
60.4
62.8
62.4
64.4
61.6
67.2
64.8
62
51.2
57.19
49.6
62.8
71.18
71.56
64.8
68.37
64.39
61.6
65.98
68.8
72.8
52
61.2
66.4
63.98
62.4
70.8
58.4
64.77
61.18
68.79
68.38
59.2
75.58
70.4
57.18
52.39
64.8
64.91
71.67
49.92
29.66
54.4
60.4
65.6
64.79
62.39
64
64.4
62.8
66.4
57.59
62
51.99
60.79
63.59
67.59
64.8
59.58
62
64
55.6
65.2
56.79
62.4
65.2
59.19
59.6
62
62.39
63.99
59.6
71.99
60.77
65.2
63.6
65.2
66.8
68.8
70
62.4
60.8
59.6
63.2
62.79
66
57.98
65.6
63.6
53.2
62.79
58.4
63.6
60.38
60.8
58.4
61.59
53.58
61.98
61.6
61.59
60
44.8
74
61.6
70.4
69.2
70.39
60
60.4
61.6
67.59
59.19
64.39
63.58
56.8
55.97
57.19
60.8
61.97
64.4
67.6
66.79
63.19
68.4
59.59
54.76
64
55.6
62.8
56.8
62.4
68
67.2
57.98
60.79
69.2
70.8
57.17
61.18
56.4
60.79
61.19
58.39
65.6
62.79
64.79
57.2
58.39
68
61.6
69.18
66.4
63.2
65.6
55.2
62.78
61.6
56.8
59.19
58.8
63.19
66.39
59.2
66
33.2
66.8
59.6
69.99
62.8
63.6
70.8
68.79
70.4
65.19
67.99
64
66
68.39
61.18
68.8
57.17
60.8
61.6
50.39
60.39
55.19
59.6
58.39
62.8
66
57.18
58
61.58
56
58.8
57.2
58.79
66.8
64.78
71.99
58.79
64.38
69.59
63.59
18.4
34.4
43.2
73.6
28.8
56.77
69.58
67.99
71.95
66.37
54.07
71.59
65.19
71.93
68.8
75.2
32.39
16.55
68.84
46.29
71.49
63.76
53.45
33.58
74.17
70
67.19
57.2
64.4
70.37
59.59
60
65.2
63.19
68.79
77.99
75.99
68.77
63.99
66.4
71.59
72.8
69.19
68
66.79
71.59
70.79
63.97
56.37
68.4
70.8
61.6
72.38
62.79
65.6
66.8
54.79
62.4
59.19
66
67.18
70.79
62.4
62.4
60.4
69.6
54.8
59.6
61.6
68.39
62.79
50.79
68.8
68
58.39
64
68.4
66.39
64.4
66.8
60
66.8
73.19
62.39
77.55
71.98
66.38
59.59
65.98
71.57
67.58
65.58
66.78
69.58
69.98
69.17
55.96
54.77
66.77
54.39
50.78
55.6
59.2
55.19
57.6
75.59
68.39
73.19
70.39
51.18
53.59
63.17
67.2
68.39
67.99
63.6
62.79
71.2
63.18
57.99
70.4
58
64.77
68
60.4
68.4
63.99
71.6
68.8
68.4
62.8
62.4
56.4
56
57.2
57.6
53.2
65.6
62
64
54
60.39
63.2
73.19
66.8
65.6
61.2
76.39
65.19
56.8
67.19
62
68.8
65.6
66.39
70
67.59
66
68
62.4
67.6
65.6
79.2
62.37
59.59
69.99
62.39
65.6
59.17
64.4
56.8
55.6
64.4
61.6
68.4
58.4
73.98
71.17
66
75.19
63.2
58.8
60
63.19
60.8
59.2
67.59
72.79
71.99
68.39
66
66.38
60
61.6
77.99
67.59
64
67.19
58.4
68.4
72.8
62.79
59.59
60.4
63.99
61.59
63.2
65.19
67.19
65.19
60.79
66.8
57.2
68
66.8
69.2
66.79
64.4
60
60.77
69.18
61.17
54.79
67.19
63.6
57.6
66
66
53.2
68.4
61.59
64.4
60
67.6
59.99
57.2
68
59.6
63.6
63.59
63.2
67.2
58
66.4
64.4
58.4
58.4
64.79
59.6
58.38
67.59
64
67.2
63.19
72.4
63.59
73.58
72.8
63.6
60.4
60.4
63.2
68
66.8
62.4
70.8
68.4
64.8
65.59
73.2
71.6
66
76.4
70.79
54.4
62.4
67.19
60.8
55.2
71.19
70.4
68.79
57.6
58
68.4
63.99
58.4
60
67.59
68.8
62.4
67.6
62.79
64.39
62.4
77.99
61.59
59.6
69.2
70
63.2
68.8
73.59
69.59
70.8
63.6
68.8
65.6
68.8
60.4
58
69.6
65.2
60
55.6
63.6
64
59.2
58
74.8
57.99
62.79
68
70.79
65.19
73.99
77.59
73.59
66.79
66.39
67.99
62.4
63.2
77.99
65.6
59.2
62.8
79.19
76.79
79.19
68.39
64.8
66.4
50.4
54.2
68
72
63.79
71.19
64.4
56.8
60
70.79
63.99
68.8
62.8
67.6
66.8
69.2
63.59
68
66.4
60.4
67.59
65.2
60.8
68
66.79
62.8
69.99
66.8
59.6
53.2
68.4
75.19
64.39
66.4
62.4
60
63.2
63.6
62.4
64.39
66
63.19
75.19
63.2
69.6
73.99
71.19
69.2
66.39
61.6
66.79
72
71.59
58.9
70.8
72
71.19
70
71.59
68.39
62
54.4
67.99
60.38
70.39
65.2
64.39
66.8
64.8
70.8
68
68
65.2
60.8
62
60
75.19
75.59
71.99
62
84.92
70.01
72.39
60.39
68.4
63.99
69.59
66.4
60.8
75.2
68.79
70.79
71.99
76.39
69.19
67.2
67.59
70.8
71.59
72.4
65.99
64
67.99
65.2
68.8
64
68.79
71.19
65.59
64.79
64.79
67.59
65.6
70.8
72
76.39
69.59
65.2
66.8
72
75.19
78.4
69.99
70.79
77.2
72.39
70.8
72.8
70
69.99
76.39
68.39
77.6
71.2
66.8
66
73.2
73.19
67.6
70.8
62
65.19
63.6
58.4
62
69.99
63.6
68.8
76.8
64.4
63.2
70.4
65.6
67.2
70
73.2
73.58
62.8
70
74.4
91.88
74.4
89.29
61.95
85.45
45.9
34.93
60.8
65.6
63.98
65.6
75.2
71.6
76
84.98
88.82
89.55
66.2
68.8
20
78.4
70
73.2
63.2
70.8
77.6
71.6
72.4
63.6
65.6
70.8
75.17
75.6
70.4
73.2
70.4
74
72.8
76.4
64.74
75.2
69.2
67.2
76.4
73.2
72.8
64.8
64.4
77.2
69.2
65.2
79.6
73.6
73.2
74.4