52.78
59.2
52.8
54.4
48
49.2
56
47.6
44
57.58
43.6
47.2
56.8
52.4
52.8
52.8
53.2
49.6
51.2
55.6
56.78
60
53.6
60.8
51.2
54.8
44.4
54.4
60
61.96
50.8
53.6
53.6
56
54
57.6
58
59.2
51.6
60
46.8
48.8
58
60
52.4
60.38
51.6
55.2
57.6
52.78
63.2
56
69.58
60.8
53.2
52
56.4
50.78
54
50
61.58
45.6
58.4
49.48
50.8
48
48.38
62.4
58.4
57.18
57.6
55.6
60.8
52.8
55.6
53.6
52.4
57.6
58.4
57.6
58
48.4
58.4
60.8
51.58
64.8
58.8
55.98
57.97
54
55.2
44.4
51.6
52.8
53.2
50.8
49.6
62
58
60
62.4
58.8
55.2
54.4
58.4
61.6
66
55.2
56.8
56
53.2
59.58
60
52.38
57.6
52
63.2
61.98
57.18
57.6
62.8
60
60.8
56.4
50.78
54.38
64.8
56.37
68
63.59
57.2
57.2
58.77
54.4
63.99
52.79
54
62.8
59.6
61.59
59.2
62.39
58.4
57.6
61.58
59.2
60
48.39
57.99
54.8
65.99
61.19
56.8
68
65.6
67.97
71.2
62.39
69.97
65.98
52.78
66.8
60.79
63.59
69.6
50.8
58.78
64.4
65.98
61.2
62.8
58
55.2
57.6
63.2
60
62.4
58.8
60.4
62.4
63.99
67.6
62.8
55.59
62.39
65.2
52.4
62.8
70.38
71.2
64.4
56.8
61.19
56.4
63.59
68.79
64.79
58.8
56.4
65.99
63.19
65.59
67.2
64.8
64.4
67.6
49.19
55.6
66.4
67.19
62.8
61.58
60.77
60
56.4
64.37
58.79
64.4
61.6
60
66
55.6
58.79
61.97
62.4
57.57
62
64.8
65.19
54.39
58
61.2
66
56.79
47.6
67.6
63.19
60.4
66
64.39
69.6
71.2
55.99
66.8
58
61.6
63.6
59.17
59.2
54.8
68.8
62
58.39
64.4
62.4
64.4
51.99
70.79
67.6
63.6
56
55.59
61.6
57.2
55.2
55.6
56
61.19
67.6
59.2
58.8
50.8
65.6
53.6
52
50.78
56.8
52
50.38
56.4
56.8
44
62.8
60.4
62.4
64.4
61.6
67.2
64.8
62
57.19
51.2
62.8
49.6
71.18
71.56
68.37
64.8
64.39
61.6
68.8
65.98
72.8
52
61.2
66.4
63.98
62.4
70.8
58.4
61.18
64.77
68.38
68.79
59.2
75.58
70.4
57.18
52.39
64.8
54.4
60.4
65.6
64.79
62.39
64
64.4
62.8
57.59
66.4
62
60.79
51.99
63.59
67.59
64.8
62
59.58
55.6
64
65.2
56.79
62.4
59.19
65.2
62
59.6
62.39
59.6
63.99
71.99
60.77
65.2
63.6
65.2
66.8
70
68.8
60.8
62.4
63.2
59.6
62.79
57.98
66
65.6
63.6
53.2
62.79
63.6
58.4
60.38
60.8
58.4
61.59
61.98
53.58
61.59
61.6
44.8
60
74
70.4
61.6
69.2
70.39
60
61.6
60.4
67.59
59.19
64.39
56.8
63.58
57.19
55.97
60.8
61.97
64.4
67.6
66.79
63.19
68.4
59.59
54.76
64
55.6
62.8
62.4
56.8
68
67.2
57.98
60.79
69.2
70.8
57.17
61.18
56.4
60.79
61.19
58.39
65.6
62.79
64.79
57.2
58.39
68
61.6
69.18
66.4
63.2
55.2
65.6
62.78
56.8
61.6
58.8
59.19
63.19
59.2
66.39
66
66.8
33.2
59.6
69.99
62.8
63.6
70.8
70.4
68.79
65.19
67.99
66
64
68.39
61.18
68.8
60.8
57.17
50.39
61.6
60.39
59.6
55.19
62.8
58.39
66
58
57.18
61.58
58.8
56
57.2
66.8
58.79
64.78
71.99
58.79
64.38
69.59
63.59
66.37
54.07
71.59
65.19
71.93
68.8
75.2
32.39
70
67.19
57.2
64.4
70.37
60
59.59
65.2
63.19
68.79
77.99
75.99
68.77
66.4
63.99
71.59
72.8
69.19
68
66.79
71.59
70.79
63.97
56.37
68.4
61.6
70.8
72.38
62.79
65.6
66.8
54.79
62.4
59.19
66
67.18
70.79
62.4
62.4
60.4
69.6
59.6
54.8
61.6
68.39
50.79
62.79
68.8
68
58.39
64
68.4
66.39
64.4
60
66.8
66.8
73.19
62.39
77.55
66.38
71.98
65.98
59.59
71.57
67.58
66.78
65.58
69.58
69.98
69.17
55.96
54.77
66.77
50.78
54.39
55.6
55.19
59.2
57.6
75.59
68.39
73.19
70.39
67.2
68.39
67.99
63.6
62.79
71.2
63.18
57.99
70.4
58
64.77
60.4
68
68.4
63.99
71.6
68.4
68.8
62.4
62.8
56
56.4
57.6
57.2
53.2
65.6
62
64
54
60.39
63.2
73.19
66.8
65.6
61.2
76.39
65.19
56.8
67.19
68.8
62
65.6
66.39
70
66
67.59
68
62.4
65.6
67.6
79.2
62.37
59.59
69.99
62.39
65.6
64.4
59.17
55.6
56.8
61.6
64.4
68.4
58.4
73.98
66
71.17
75.19
58.8
63.2
60
63.19
60.8
59.2
67.59
72.79
71.99
68.39
66
66.38
61.6
60
77.99
67.59
64
67.19
68.4
58.4
72.8
62.79
60.4
59.59
61.59
63.99
63.2
65.19
67.19
65.19
66.8
60.79
57.2
66.8
68
69.2
64.4
66.79
60.77
60
69.18
61.17
54.79
67.19
63.6
66
57.6
66
68.4
53.2
64.4
61.59
67.6
60
57.2
59.99
68
59.6
63.6
63.59
63.2
67.2
58
66.4
64.4
58.4
58.4
64.79
59.6
58.38
67.59
67.2
64
63.19
72.4
63.59
72.8
73.58
63.6
60.4
60.4
63.2
66.8
68
62.4
70.8
64.8
68.4
73.2
65.59
71.6
66
76.4
70.79
54.4
62.4
67.19
60.8
55.2
71.19
70.4
68.79
58
57.6
68.4
63.99
58.4
60
67.59
68.8
67.6
62.4
62.79
64.39
62.4
77.99
61.59
69.2
59.6
63.2
70
68.8
73.59
70.8
69.59
63.6
65.6
68.8
68.8
60.4
58
69.6
60
65.2
63.6
55.6
64
58
59.2
74.8
57.99
62.79
68
70.79
65.19
73.99
77.59
73.59
66.79
66.39
67.99
63.2
62.4
65.6
77.99
62.8
59.2
79.19
76.79
79.19
64.8
68.39
71.19
64.4
60
56.8
70.79
63.99
68.8
62.8
66.8
67.6
69.2
68
63.59
60.4
66.4
67.59
60.8
65.2
68
53.2
66.79
62.8
69.99
66.8
59.6
68.4
75.19
66.4
64.39
62.4
60
63.2
62.4
63.6
64.39
66
63.19
75.19
69.6
63.2
73.99
71.19
69.2
66.39
61.6
66.79
72
71.59
70.8
72
71.19
70
71.59
62
68.39
54.4
67.99
60.38
65.2
70.39
66.8
64.39
64.8
70.8
68
68
65.2
62
60.8
60
75.19
75.59
62
71.99
72.39
60.39
68.4
63.99
69.59
60.8
66.4
75.2
68.79
70.79
71.99
76.39
69.19
67.2
67.59
70.8
71.59
72.4
65.99
64
65.2
67.99
68.8
64
68.79
71.19
64.79
65.59
64.79
67.59
65.6
70.8
72
76.39
69.59
65.2
72
66.8
75.19
78.4
69.99
70.79
77.2
72.39
72.8
70.8
70
69.99
76.39
68.39
77.6
71.2
66.8
73.2
66
73.19
67.6
70.8
62
65.19
63.6
62
58.4
69.99
63.6
68.8
76.8
63.2
64.4
70.4
65.6
67.2
70
73.2
62.8
73.58
70
60.8
65.6
63.98
65.6
75.2
71.6
76
68.8
70
63.2
73.2
70.8
77.6
71.6
72.4
63.6
65.6
70.8
75.17
75.6
70.4
73.2
70.4
74
72.8
76.4
75.2
69.2
67.2
76.4
73.2
72.8
64.8
64.4
77.2
65.2
69.2
79.6